solution.N_aircraft = 3;
solution.N_gates = 6;

solution.tow = [0;1;2];
solution.gates = [1,0,0;
                            2,3,0;
                            4,5,6];
solution.tow0stage1 = [100, 200;
                                        300,600;
                                           700,1300];
solution.tow1stage1 = [100, 150;
                                        300,450;
                                           700,1000];   
solution.tow1stage2 = [151, 200;
                                        451,600;
                                           1001,1300];
solution.tow2stage1 = [100, 120;
                                        300,400;
                                           700,900];  
solution.tow2stage2 = [121, 160;
                                        401,500;
                                           901,1100];  
solution.tow2stage3 = [161, 200;
                                        501,600;
                                           901,1300];                                        
                                       